#CHROM	POS	REF	ALT	QUAL	FILTER	GENOTYPE	COVERAGE	FUNCTIONAL_CLASS	HGVS	EXOMISER_GENE	CADD(>0.483)	POLYPHEN(>0.956|>0.446)	MUTATIONTASTER(>0.94)	SIFT(<0.06)	REMM	DBSNP_ID	MAX_FREQUENCY	DBSNP_FREQUENCY	EVS_EA_FREQUENCY	EVS_AA_FREQUENCY	EXAC_AFR_FREQ	EXAC_AMR_FREQ	EXAC_EAS_FREQ	EXAC_FIN_FREQ	EXAC_NFE_FREQ	EXAC_SAS_FREQ	EXAC_OTH_FREQ	EXOMISER_VARIANT_SCORE	EXOMISER_GENE_PHENO_SCORE	EXOMISER_GENE_VARIANT_SCORE	EXOMISER_GENE_COMBINED_SCORE	CONTRIBUTING_VARIANT
2	241808314	C	T	193010.0	PASS	0/1	42347	missense_variant	AGXT:uc002waa.4:c.32C>T:p.(Pro11Leu)	AGXT	.	1.0	.	0.015	.	.	0.0	.	.	.	.	.	.	.	.	.	.	1.0	0.0	1.0	0.5	CONTRIBUTING_VARIANT
2	241808463	A	G	87277.7	PASS	0/1	35012	coding_transcript_intron_variant	AGXT:uc002waa.4:c.165+16A>G:p.(=)	AGXT	.	.	.	.	.	.	0.0	.	.	.	.	.	.	.	.	.	.	0.0	0.0	1.0	0.5	.
2	241808487	A	C	61804.2	PASS	0/1	37099	coding_transcript_intron_variant	AGXT:uc002waa.4:c.165+40A>C:p.(=)	AGXT	.	.	.	.	.	.	0.0	.	.	.	.	.	.	.	.	.	.	0.0	0.0	1.0	0.5	.
2	241808491	T	A	61804.2	PASS	0/1	37099	coding_transcript_intron_variant	AGXT:uc002waa.4:c.165+44T>A:p.(=)	AGXT	.	.	.	.	.	.	0.0	.	.	.	.	.	.	.	.	.	.	0.0	0.0	1.0	0.5	.
2	241808792	C	T	102597.0	PASS	0/1	23595	coding_transcript_intron_variant	AGXT:uc002waa.4:c.358+13C>T:p.(=)	AGXT	.	.	.	.	.	.	0.0	.	.	.	.	.	.	.	.	.	.	0.0	0.0	1.0	0.5	.
2	241812795	C	G	1757500.0	PASS	1/1	57863	coding_transcript_intron_variant	AGXT:uc002waa.4:c.595+329C>G:p.(=)	AGXT	.	.	.	.	.	.	0.0	.	.	.	.	.	.	.	.	.	.	0.0	0.0	1.0	0.5	.
2	241813496	C	T	182392.0	PASS	0/1	39107	coding_transcript_intron_variant	AGXT:uc002waa.4:c.680+17C>T:p.(=)	AGXT	.	.	.	.	.	.	0.0	.	.	.	.	.	.	.	.	.	.	0.0	0.0	1.0	0.5	.
2	241815307	C	T	900090.0	PASS	0/1	47424	coding_transcript_intron_variant	AGXT:uc002waa.4:c.777-45C>T:p.(=)	AGXT	.	.	.	.	.	.	0.0	.	.	.	.	.	.	.	.	.	.	0.0	0.0	1.0	0.5	.
2	241815473	G	A	408475.0	PASS	0/1	30197	coding_transcript_intron_variant	AGXT:uc002waa.4:c.846+52G>A:p.(=)	AGXT	.	.	.	.	.	.	0.0	.	.	.	.	.	.	.	.	.	.	0.0	0.0	1.0	0.5	.
2	241816253	G	A	51891.5	PASS	0/1	11456	coding_transcript_intron_variant	AGXT:uc002waa.4:c.847-701G>A:p.(=)	AGXT	.	.	.	.	.	.	0.0	.	.	.	.	.	.	.	.	.	.	0.0	0.0	1.0	0.5	.
2	241817038	G	A	-10.0	PASS	0/1	16194	missense_variant	AGXT:uc002waa.4:c.931G>A:p.(Val311Met)	AGXT	.	0.999	0.999987	0.001	.	.	0.0	.	.	.	.	.	.	.	.	.	.	0.999987	0.0	1.0	0.5	.
2	241817516	A	G	274148.0	PASS	0/1	57785	missense_variant	AGXT:uc002waa.4:c.1020A>G:p.(Ile340Met)	AGXT	.	0.001	.	1.0	.	.	0.0	.	.	.	.	.	.	.	.	.	.	0.001	0.0	1.0	0.5	.
2	241818737	C	T	10974.7	PASS	0/1	782	downstream_gene_variant	AGXT:uc002wab.4::	AGXT	.	.	.	.	.	.	0.0	.	.	.	.	.	.	.	.	.	.	0.0	0.0	1.0	0.5	.
2	241818741	G	A	-10.0	PASS	0/1	674	downstream_gene_variant	AGXT:uc002wab.4::	AGXT	.	.	.	.	.	.	0.0	.	.	.	.	.	.	.	.	.	.	0.0	0.0	1.0	0.5	.
4	982970	C	T	-10.0	PASS	0/1	15384	missense_variant	SLC26A1:uc003gcb.3:c.1757G>A:p.(Gly586Asp)	SLC26A1	.	0.002	.	0.603	.	.	0.0	.	.	.	.	.	.	.	.	.	.	0.397	0.0	1.0	0.5	.
4	983060	T	C	551462.0	PASS	0/1	34701	missense_variant	SLC26A1:uc003gcb.3:c.1667A>G:p.(Gln556Arg)	SLC26A1	.	0.001	.	0.387	.	.	0.0	.	.	.	.	.	.	.	.	.	.	0.61300004	0.0	1.0	0.5	.
4	983802	C	T	-10.0	PASS	0/1	21188	missense_variant	SLC26A1:uc003gcb.3:c.925G>A:p.(Gly309Arg)	SLC26A1	.	0.997	1.0	0.049	.	.	0.0	.	.	.	.	.	.	.	.	.	.	1.0	0.0	1.0	0.5	CONTRIBUTING_VARIANT
4	983809	C	T	198152.0	PASS	0/1	20669	synonymous_variant	SLC26A1:uc003gcb.3:c.918G>A:p.(=)	SLC26A1	.	.	.	.	.	.	0.0	.	.	.	.	.	.	.	.	.	.	0.0	0.0	1.0	0.5	.
4	984885	C	T	-10.0	PASS	0/1	16275	coding_transcript_intron_variant	SLC26A1:uc003gcb.3:c.576+31G>A:p.(=)	SLC26A1	.	.	.	.	.	.	0.0	.	.	.	.	.	.	.	.	.	.	0.0	0.0	1.0	0.5	.
4	984963	C	T	-10.0	PASS	0/1	18503	missense_variant	SLC26A1:uc003gcb.3:c.529G>A:p.(Ala177Thr)	SLC26A1	.	0.969	1.0	0.049	.	.	0.0	.	.	.	.	.	.	.	.	.	.	1.0	0.0	1.0	0.5	.
9	137211146	C	G	123306.0	PASS	0/1	17197	coding_transcript_intron_variant	RXRA:uc004cfa.1:c.133-138C>G:p.(=)	RXRA	.	.	.	.	.	.	0.0	.	.	.	.	.	.	.	.	.	.	0.0	0.0	0.999998	0.499999	.
9	137293761	G	A	401810.0	PASS	0/1	25938	missense_variant	RXRA:uc004cfa.1:c.463G>A:p.(Gly155Arg)	RXRA	.	.	.	.	.	.	0.0	.	.	.	.	.	.	.	.	.	.	0.6	0.0	0.999998	0.499999	.
9	137294030	A	G	1309450.0	PASS	0/1	58188	coding_transcript_intron_variant	RXRA:uc004cfb.2:c.279+302A>G:p.(=)	RXRA	.	.	.	.	.	.	0.0	.	.	.	.	.	.	.	.	.	.	0.0	0.0	0.999998	0.499999	.
9	137294212	C	A	-10.0	PASS	0/1	24180	coding_transcript_intron_variant	RXRA:uc004cfb.2:c.279+484C>A:p.(=)	RXRA	.	.	.	.	.	.	0.0	.	.	.	.	.	.	.	.	.	.	0.0	0.0	0.999998	0.499999	.
9	137295304	G	A	838851.0	PASS	0/1	49204	coding_transcript_intron_variant	RXRA:uc004cfb.2:c.279+1576G>A:p.(=)	RXRA	.	.	.	.	.	.	0.0	.	.	.	.	.	.	.	.	.	.	0.0	0.0	0.999998	0.499999	.
9	137298079	G	A	2337.5	PASS	1/1	1355	coding_transcript_intron_variant	RXRA:uc004cfb.2:c.280-1916G>A:p.(=)	RXRA	.	.	.	.	.	.	0.0	.	.	.	.	.	.	.	.	.	.	0.0	0.0	0.999998	0.499999	.
9	137298096	T	G	17710.5	PASS	0/1	1112	coding_transcript_intron_variant	RXRA:uc004cfb.2:c.280-1899T>G:p.(=)	RXRA	.	.	.	.	.	.	0.0	.	.	.	.	.	.	.	.	.	.	0.0	0.0	0.999998	0.499999	.
9	137299286	G	T	-10.0	PASS	0/1	11448	coding_transcript_intron_variant	RXRA:uc004cfb.2:c.280-709G>T:p.(=)	RXRA	.	.	.	.	.	.	0.0	.	.	.	.	.	.	.	.	.	.	0.0	0.0	0.999998	0.499999	.
9	137299949	C	A	495493.0	PASS	0/1	26599	coding_transcript_intron_variant	RXRA:uc004cfb.2:c.280-46C>A:p.(=)	RXRA	.	.	.	.	.	.	0.0	.	.	.	.	.	.	.	.	.	.	0.0	0.0	0.999998	0.499999	.
9	137300760	C	G	-10.0	PASS	0/1	17533	coding_transcript_intron_variant	RXRA:uc004cfb.2:c.431-26C>G:p.(=)	RXRA	.	.	.	.	.	.	0.0	.	.	.	.	.	.	.	.	.	.	0.0	0.0	0.999998	0.499999	.
9	137309019	G	A	-10.0	PASS	0/1	24902	missense_variant	RXRA:uc004cfb.2:c.626G>A:p.(Arg209Gln)	RXRA	.	0.957	0.999998	0.001	.	.	0.0	.	.	.	.	.	.	.	.	.	.	0.999998	0.0	0.999998	0.499999	CONTRIBUTING_VARIANT
9	137320855	G	T	294435.0	PASS	0/1	13112	coding_transcript_intron_variant	RXRA:uc004cfb.2:c.911-99G>T:p.(=)	RXRA	.	.	.	.	.	.	0.0	.	.	.	.	.	.	.	.	.	.	0.0	0.0	0.999998	0.499999	.
9	137323659	C	T	-10.0	PASS	0/1	13709	coding_transcript_intron_variant	RXRA:uc004cfb.2:c.1044-92C>T:p.(=)	RXRA	.	.	.	.	.	.	0.0	.	.	.	.	.	.	.	.	.	.	0.0	0.0	0.999998	0.499999	.
9	137325859	G	T	-10.0	PASS	0/1	11170	coding_transcript_intron_variant	RXRA:uc004cfb.2:c.1136-89G>T:p.(=)	RXRA	.	.	.	.	.	.	0.0	.	.	.	.	.	.	.	.	.	.	0.0	0.0	0.999998	0.499999	.
9	137328286	G	A	753617.0	PASS	0/1	39820	coding_transcript_intron_variant	RXRA:uc004cfb.2:c.1242-27G>A:p.(=)	RXRA	.	.	.	.	.	.	0.0	.	.	.	.	.	.	.	.	.	.	0.0	0.0	0.999998	0.499999	.
9	137329306	G	A	726933.0	PASS	0/1	39906	3_prime_UTR_exon_variant	RXRA:uc004cfb.2:c.*846G>A:p.(=)	RXRA	.	.	.	.	.	.	0.0	.	.	.	.	.	.	.	.	.	.	0.0	0.0	0.999998	0.499999	.
9	137330560	C	T	652674.0	PASS	1/1	33506	3_prime_UTR_exon_variant	RXRA:uc004cfb.2:c.*2100C>T:p.(=)	RXRA	.	.	.	.	.	.	0.0	.	.	.	.	.	.	.	.	.	.	0.0	0.0	0.999998	0.499999	.
9	137330688	CGCTG	C	681360.0	PASS	1/1	25016	3_prime_UTR_exon_variant	RXRA:uc004cfb.2:c.*2249_*2252del:p.(=)	RXRA	.	.	.	.	.	.	0.0	.	.	.	.	.	.	.	.	.	.	0.0	0.0	0.999998	0.499999	.
8	38271153	C	T	-10.0	PASS	0/1	26996	missense_variant	FGFR1:uc003xlp.3:c.2456G>A:p.(Arg819His)	FGFR1	.	0.661	0.996012	0.003	.	.	0.0	.	.	.	.	.	.	.	.	.	.	0.997	0.0	0.997	0.4985	CONTRIBUTING_VARIANT
8	38280830	G	T	747728.0	PASS	1/1	2907	coding_transcript_intron_variant	FGFR1:uc003xlp.3:c.936+1197C>A:p.(=)	FGFR1	.	.	.	.	.	.	0.0	.	.	.	.	.	.	.	.	.	.	0.0	0.0	0.997	0.4985	.
8	38282294	C	T	23923.7	PASS	0/1	13690	coding_transcript_intron_variant	FGFR1:uc003xlp.3:c.746-77G>A:p.(=)	FGFR1	.	.	.	.	.	.	0.0	.	.	.	.	.	.	.	.	.	.	0.0	0.0	0.997	0.4985	.
12	48236386	T	A	132336.0	PASS	1/1	11132	3_prime_UTR_exon_variant	VDR:uc001rql.3:c.*2143A>T:p.(=)	VDR	.	.	.	.	.	.	0.0	.	.	.	.	.	.	.	.	.	.	0.0	0.0	0.95	0.475	.
12	48236406	A	T	637772.0	PASS	1/1	2999	3_prime_UTR_exon_variant	VDR:uc001rql.3:c.*2123T>A:p.(=)	VDR	.	.	.	.	.	.	0.0	.	.	.	.	.	.	.	.	.	.	0.0	0.0	0.95	0.475	.
12	48237735	CA	C	814599.0	PASS	1/1	58225	3_prime_UTR_exon_variant	VDR:uc001rql.3:c.*793del:p.(=)	VDR	.	.	.	.	.	.	0.0	.	.	.	.	.	.	.	.	.	.	0.0	0.0	0.95	0.475	.
12	48238757	A	G	257518.0	PASS	0/1	37226	synonymous_variant	VDR:uc001rql.3:c.1206T>C:p.(=)	VDR	.	.	.	.	.	.	0.0	.	.	.	.	.	.	.	.	.	.	0.0	0.0	0.95	0.475	.
12	48238837	C	A	262439.0	PASS	1/1	21907	coding_transcript_intron_variant	VDR:uc001rql.3:c.1175-49G>T:p.(=)	VDR	.	.	.	.	.	.	0.0	.	.	.	.	.	.	.	.	.	.	0.0	0.0	0.95	0.475	.
12	48238900	C	G	17587.7	PASS	1/1	5777	coding_transcript_intron_variant	VDR:uc001rql.3:c.1175-112G>C:p.(=)	VDR	.	.	.	.	.	.	0.0	.	.	.	.	.	.	.	.	.	.	0.0	0.0	0.95	0.475	.
12	48249259	C	T	16826.3	PASS	0/1	2010	coding_transcript_intron_variant	VDR:uc001rql.3:c.905+154G>A:p.(=)	VDR	.	.	.	.	.	.	0.0	.	.	.	.	.	.	.	.	.	.	0.0	0.0	0.95	0.475	.
12	48251533	C	T	451762.0	PASS	1/1	31018	coding_transcript_intron_variant	VDR:uc001rql.3:c.428-62G>A:p.(=)	VDR	.	.	.	.	.	.	0.0	.	.	.	.	.	.	.	.	.	.	0.0	0.0	0.95	0.475	.
12	48251542	G	A	75206.6	PASS	0/1	25164	coding_transcript_intron_variant	VDR:uc001rql.3:c.428-71C>T:p.(=)	VDR	.	.	.	.	.	.	0.0	.	.	.	.	.	.	.	.	.	.	0.0	0.0	0.95	0.475	.
12	48259126	C	T	21684.8	PASS	0/1	2303	coding_transcript_intron_variant	VDR:uc001rql.3:c.297-166G>A:p.(=)	VDR	.	.	.	.	.	.	0.0	.	.	.	.	.	.	.	.	.	.	0.0	0.0	0.95	0.475	.
12	48272895	A	G	848133.0	PASS	1/1	45136	start_lost	VDR:uc001rqm.3:c.2T>C:p.0?	VDR	.	.	.	.	.	.	0.0	.	.	.	.	.	.	.	.	.	.	0.95	0.0	0.95	0.475	CONTRIBUTING_VARIANT
12	48298745	G	T	-10.0	PASS	0/1	12367	5_prime_UTR_exon_variant	VDR:uc001rql.3:c.-332C>A:p.(=)	VDR	.	.	.	.	.	.	0.0	.	.	.	.	.	.	.	.	.	.	0.0	0.0	0.95	0.475	.
1	21878044	CA	C	121880.0	PASS	1/1	5481	5_prime_UTR_intron_variant	ALPL:uc001bet.3:c.-104-2426del:p.(=)	ALPL	.	.	.	.	.	.	0.0	.	.	.	.	.	.	.	.	.	.	0.0	0.0	0.9	0.45	.
1	21889506	C	T	70289.2	PASS	0/1	11565	coding_transcript_intron_variant	ALPL:uc001bet.3:c.298-97C>T:p.(=)	ALPL	.	.	.	.	.	.	0.0	.	.	.	.	.	.	.	.	.	.	0.0	0.0	0.9	0.45	.
1	21889635	T	C	1006830.0	PASS	1/1	36510	synonymous_variant	ALPL:uc001bet.3:c.330C>C:p.(=)	ALPL	.	.	.	.	.	.	0.0	.	.	.	.	.	.	.	.	.	.	0.0	0.0	0.9	0.45	.
1	21889784	CG	C	107981.0	PASS	0/1	20268	splice_region_variant	ALPL:uc001bet.3:c.472+8del:p.?	ALPL	.	.	.	.	.	.	0.0	.	.	.	.	.	.	.	.	.	.	0.9	0.0	0.9	0.45	CONTRIBUTING_VARIANT
1	21890386	G	A	76199.9	PASS	0/1	3777	coding_transcript_intron_variant	ALPL:uc001bet.3:c.473-148G>A:p.(=)	ALPL	.	.	.	.	.	.	0.0	.	.	.	.	.	.	.	.	.	.	0.0	0.0	0.9	0.45	.
1	21890464	A	G	435050.0	PASS	1/1	16245	coding_transcript_intron_variant	ALPL:uc001bet.3:c.473-70A>G:p.(=)	ALPL	.	.	.	.	.	.	0.0	.	.	.	.	.	.	.	.	.	.	0.0	0.0	0.9	0.45	.
1	21890512	A	C	-10.0	PASS	0/1	41115	coding_transcript_intron_variant	ALPL:uc001bet.3:c.473-22A>C:p.(=)	ALPL	.	.	.	.	.	.	0.0	.	.	.	.	.	.	.	.	.	.	0.0	0.0	0.9	0.45	.
1	21890748	G	A	-10.0	PASS	0/1	12787	coding_transcript_intron_variant	ALPL:uc001bet.3:c.648+39G>A:p.(=)	ALPL	.	.	.	.	.	.	0.0	.	.	.	.	.	.	.	.	.	.	0.0	0.0	0.9	0.45	.
1	21900420	A	G	105691.0	PASS	1/1	5453	coding_transcript_intron_variant	ALPL:uc001bet.3:c.997+128A>G:p.(=)	ALPL	.	.	.	.	.	.	0.0	.	.	.	.	.	.	.	.	.	.	0.0	0.0	0.9	0.45	.
1	21900459	A	C	11335.2	PASS	1/1	1655	coding_transcript_intron_variant	ALPL:uc001bet.3:c.997+167A>C:p.(=)	ALPL	.	.	.	.	.	.	0.0	.	.	.	.	.	.	.	.	.	.	0.0	0.0	0.9	0.45	.
1	21904267	A	G	1312300.0	PASS	0/1	55975	3_prime_UTR_exon_variant	ALPL:uc001bet.3:c.*126A>G:p.(=)	ALPL	.	.	.	.	.	.	0.0	.	.	.	.	.	.	.	.	.	.	0.0	0.0	0.9	0.45	.
13	42701399	A	G	9350.1	PASS	0/1	1121	coding_transcript_intron_variant	DGKH:uc001uyl.2:c.193-200A>G:p.(=)	DGKH	.	.	.	.	.	.	0.0	.	.	.	.	.	.	.	.	.	.	0.0	0.0	0.9	0.45	.
13	42701803	G	A	324417.0	PASS	0/1	31396	coding_transcript_intron_variant	DGKH:uc001uyl.2:c.303+94G>A:p.(=)	DGKH	.	.	.	.	.	.	0.0	.	.	.	.	.	.	.	.	.	.	0.0	0.0	0.9	0.45	.
13	42712500	TGA	T	6598.5	PASS	0/1	1043	coding_transcript_intron_variant	DGKH:uc001uyl.2:c.384+8733_384+8734del:p.(=)	DGKH	.	.	.	.	.	.	0.0	.	.	.	.	.	.	.	.	.	.	0.0	0.0	0.9	0.45	.
13	42733400	A	TTTTTTTTTTTT	2596720.0	PASS	1/1	7238	splice_acceptor_variant	DGKH:uc001uyl.2:c.623-2delAinsTTTTTTTTTTTT:p.?	DGKH	.	.	.	.	.	.	0.0	.	.	.	.	.	.	.	.	.	.	0.9	0.0	0.9	0.45	CONTRIBUTING_VARIANT
13	42733977	T	G	12194.7	PASS	0/1	2054	coding_transcript_intron_variant	DGKH:uc001uyl.2:c.730-170T>G:p.(=)	DGKH	.	.	.	.	.	.	0.0	.	.	.	.	.	.	.	.	.	.	0.0	0.0	0.9	0.45	.
13	42734389	C	G	64109.3	PASS	0/1	15877	coding_transcript_intron_variant	DGKH:uc001uyl.2:c.855+117C>G:p.(=)	DGKH	.	.	.	.	.	.	0.0	.	.	.	.	.	.	.	.	.	.	0.0	0.0	0.9	0.45	.
13	42740933	A	G	32823.8	PASS	0/1	8354	coding_transcript_intron_variant	DGKH:uc001uyl.2:c.1118+123A>G:p.(=)	DGKH	.	.	.	.	.	.	0.0	.	.	.	.	.	.	.	.	.	.	0.0	0.0	0.9	0.45	.
13	42763505	C	T	272715.0	PASS	0/1	45768	coding_transcript_intron_variant	DGKH:uc001uyl.2:c.1912+60C>T:p.(=)	DGKH	.	.	.	.	.	.	0.0	.	.	.	.	.	.	.	.	.	.	0.0	0.0	0.9	0.45	.
13	42764439	T	C	486990.0	PASS	1/1	17067	coding_transcript_intron_variant	DGKH:uc001uyl.2:c.1913-100T>C:p.(=)	DGKH	.	.	.	.	.	.	0.0	.	.	.	.	.	.	.	.	.	.	0.0	0.0	0.9	0.45	.
13	42769348	T	A	30691.6	PASS	1/1	1146	coding_transcript_intron_variant	DGKH:uc001uyl.2:c.2167+196T>A:p.(=)	DGKH	.	.	.	.	.	.	0.0	.	.	.	.	.	.	.	.	.	.	0.0	0.0	0.9	0.45	.
13	42780104	G	A	38062.0	PASS	0/1	20250	coding_transcript_intron_variant	DGKH:uc001uyl.2:c.2494-71G>A:p.(=)	DGKH	.	.	.	.	.	.	0.0	.	.	.	.	.	.	.	.	.	.	0.0	0.0	0.9	0.45	.
13	42783012	G	A	995003.0	PASS	1/1	32507	coding_transcript_intron_variant	DGKH:uc001uyl.2:c.2602-83G>A:p.(=)	DGKH	.	.	.	.	.	.	0.0	.	.	.	.	.	.	.	.	.	.	0.0	0.0	0.9	0.45	.
13	42793766	AGGTTTTTC	A	851132.0	PASS	1/1	45741	coding_transcript_intron_variant	DGKH:uc001uyl.2:c.3334-55_3334-48del:p.(=)	DGKH	.	.	.	.	.	.	0.0	.	.	.	.	.	.	.	.	.	.	0.0	0.0	0.9	0.45	.
13	42794004	G	A	1154970.0	PASS	1/1	43280	coding_transcript_intron_variant	DGKH:uc001uyl.2:c.3442+74G>A:p.(=)	DGKH	.	.	.	.	.	.	0.0	.	.	.	.	.	.	.	.	.	.	0.0	0.0	0.9	0.45	.
13	42803100	G	C	82485.9	PASS	1/1	3878	coding_transcript_intron_variant	DGKH:uc001uyl.2:c.3574-135G>C:p.(=)	DGKH	.	.	.	.	.	.	0.0	.	.	.	.	.	.	.	.	.	.	0.0	0.0	0.9	0.45	.
13	42803130	A	G	145296.0	PASS	1/1	11243	coding_transcript_intron_variant	DGKH:uc001uyl.2:c.3574-105A>G:p.(=)	DGKH	.	.	.	.	.	.	0.0	.	.	.	.	.	.	.	.	.	.	0.0	0.0	0.9	0.45	.
13	42804017	T	C	329850.0	PASS	1/1	11703	non_coding_transcript_intron_variant	DGKH:uc001uyp.3:n.4160+597T>C:	DGKH	.	.	.	.	.	.	0.0	.	.	.	.	.	.	.	.	.	.	0.0	0.0	0.9	0.45	.
19	3110349	T	G	199445.0	PASS	0/1	16853	coding_transcript_intron_variant	GNA11:uc002lxd.3:c.321+18T>G:p.(=)	GNA11	.	.	.	.	.	.	0.0	.	.	.	.	.	.	.	.	.	.	0.0	0.0	0.9	0.45	.
19	3113305	G	C	752619.0	PASS	0/1	26208	coding_transcript_intron_variant	GNA11:uc002lxd.3:c.322-23G>C:p.(=)	GNA11	.	.	.	.	.	.	0.0	.	.	.	.	.	.	.	.	.	.	0.0	0.0	0.9	0.45	.
19	3115020	C	A	-10.0	PASS	0/1	26794	synonymous_variant	GNA11:uc002lxd.3:c.555C>A:p.(=)	GNA11	.	.	.	.	.	.	0.0	.	.	.	.	.	.	.	.	.	.	0.0	0.0	0.9	0.45	.
19	3115076	G	A	-10.0	PASS	0/1	24972	splice_region_variant	GNA11:uc002lxd.3:c.605+6G>A:p.?	GNA11	.	.	.	.	.	.	0.0	.	.	.	.	.	.	.	.	.	.	0.9	0.0	0.9	0.45	CONTRIBUTING_VARIANT
19	3119184	T	G	1068570.0	PASS	0/1	39520	coding_transcript_intron_variant	GNA11:uc002lxd.3:c.736-20T>G:p.(=)	GNA11	.	.	.	.	.	.	0.0	.	.	.	.	.	.	.	.	.	.	0.0	0.0	0.9	0.45	.
19	3120962	A	T	-10.0	PASS	0/1	11415	coding_transcript_intron_variant	GNA11:uc002lxd.3:c.890-25A>T:p.(=)	GNA11	.	.	.	.	.	.	0.0	.	.	.	.	.	.	.	.	.	.	0.0	0.0	0.9	0.45	.
19	3121452	TA	T	24866.6	PASS	1/1	27123	downstream_gene_variant	GNA11:uc002lxd.3::	GNA11	.	.	.	.	.	.	0.0	.	.	.	.	.	.	.	.	.	.	0.0	0.0	0.9	0.45	.
9	140125351	G	A	1220980.0	PASS	1/1	57389	5_prime_UTR_exon_variant	SLC34A3:uc011met.2:c.-82G>A:p.(=)	SLC34A3	.	.	.	.	.	.	0.0	.	.	.	.	.	.	.	.	.	.	0.0	0.0	0.9	0.45	.
9	140125533	T	C	-10.0	PASS	0/1	19401	splice_donor_variant	SLC34A3:uc004cmf.1:c.-40+2T>C:p.(=)	SLC34A3	.	.	.	.	.	.	0.0	.	.	.	.	.	.	.	.	.	.	0.9	0.0	0.9	0.45	CONTRIBUTING_VARIANT
9	140127688	G	T	-10.0	PASS	0/1	16871	synonymous_variant	SLC34A3:uc004cmc.1:c.159G>T:p.(=)	SLC34A3	.	.	.	.	.	.	0.0	.	.	.	.	.	.	.	.	.	.	0.0	0.0	0.9	0.45	.
9	140128085	T	C	427977.0	PASS	0/1	34113	splice_region_variant	SLC34A3:uc004cmc.1:c.328T>C:p.(=)	SLC34A3	.	.	.	.	.	.	0.0	.	.	.	.	.	.	.	.	.	.	0.9	0.0	0.9	0.45	.
9	140130882	A	C	338377.0	PASS	0/1	30647	3_prime_UTR_exon_variant	SLC34A3:uc004cmf.1:c.*14A>C:p.(=)	SLC34A3	.	.	.	.	.	.	0.0	.	.	.	.	.	.	.	.	.	.	0.0	0.0	0.9	0.45	.
7	30951658	C	T	69639.1	PASS	0/1	49105	missense_variant	AQP1:uc003tbv.2:c.134C>T:p.(Ala45Val)	AQP1	.	0.006	.	0.153	.	.	0.0	.	.	.	.	.	.	.	.	.	.	0.847	0.0	0.847	0.4235	CONTRIBUTING_VARIANT
16	16243239	C	A	179.3	PASS	0/1	1247	downstream_gene_variant	ABCC6:uc002den.4::	ABCC6	.	.	.	.	.	.	0.0	.	.	.	.	.	.	.	.	.	.	0.0	0.0	0.648	0.324	.
16	16243241	C	T	179.3	PASS	0/1	1247	downstream_gene_variant	ABCC6:uc002den.4::	ABCC6	.	.	.	.	.	.	0.0	.	.	.	.	.	.	.	.	.	.	0.0	0.0	0.648	0.324	.
16	16244129	T	C	227837.0	PASS	0/1	19615	coding_transcript_intron_variant	ABCC6:uc002den.4:c.4404-31A>G:p.(=)	ABCC6	.	.	.	.	.	.	0.0	.	.	.	.	.	.	.	.	.	.	0.0	0.0	0.648	0.324	.
16	16251435	G	A	776519.0	PASS	1/1	25173	coding_transcript_intron_variant	ABCC6:uc002den.4:c.3882+85C>T:p.(=)	ABCC6	.	.	.	.	.	.	0.0	.	.	.	.	.	.	.	.	.	.	0.0	0.0	0.648	0.324	.
16	16251599	C	T	422886.0	PASS	0/1	59281	missense_variant	ABCC6:uc002den.4:c.3803G>A:p.(Arg1268Gln)	ABCC6	.	0.007	.	0.352	.	.	0.0	.	.	.	.	.	.	.	.	.	.	0.648	0.0	0.648	0.324	CONTRIBUTING_VARIANT
16	16253283	GC	G	742103.0	PASS	1/1	29279	coding_transcript_intron_variant	ABCC6:uc002den.4:c.3735+55del:p.(=)	ABCC6	.	.	.	.	.	.	0.0	.	.	.	.	.	.	.	.	.	.	0.0	0.0	0.648	0.324	.
16	16255195	T	G	294090.0	PASS	1/1	9779	coding_transcript_intron_variant	ABCC6:uc002den.4:c.3633+100A>C:p.(=)	ABCC6	.	.	.	.	.	.	0.0	.	.	.	.	.	.	.	.	.	.	0.0	0.0	0.648	0.324	.
16	16256767	T	G	653511.0	PASS	0/1	28049	coding_transcript_intron_variant	ABCC6:uc002den.4:c.3506+83A>C:p.(=)	ABCC6	.	.	.	.	.	.	0.0	.	.	.	.	.	.	.	.	.	.	0.0	0.0	0.648	0.324	.
16	16263361	G	A	89711.2	PASS	1/1	3149	coding_transcript_intron_variant	ABCC6:uc002den.4:c.2995+142C>T:p.(=)	ABCC6	.	.	.	.	.	.	0.0	.	.	.	.	.	.	.	.	.	.	0.0	0.0	0.648	0.324	.
16	16267079	A	G	821439.0	PASS	1/1	30463	coding_transcript_intron_variant	ABCC6:uc002den.4:c.2787+62T>C:p.(=)	ABCC6	.	.	.	.	.	.	0.0	.	.	.	.	.	.	.	.	.	.	0.0	0.0	0.648	0.324	.
16	16269633	TG	T	244359.0	PASS	1/1	8769	coding_transcript_intron_variant	ABCC6:uc002den.4:c.2666+134del:p.(=)	ABCC6	.	.	.	.	.	.	0.0	.	.	.	.	.	.	.	.	.	.	0.0	0.0	0.648	0.324	.
16	16271628	C	T	68579.4	PASS	1/1	2670	coding_transcript_intron_variant	ABCC6:uc002den.4:c.2416-145G>A:p.(=)	ABCC6	.	.	.	.	.	.	0.0	.	.	.	.	.	.	.	.	.	.	0.0	0.0	0.648	0.324	.
16	16272508	G	A	70993.0	PASS	1/1	5939	coding_transcript_intron_variant	ABCC6:uc002den.4:c.2415+147C>T:p.(=)	ABCC6	.	.	.	.	.	.	0.0	.	.	.	.	.	.	.	.	.	.	0.0	0.0	0.648	0.324	.
16	16278695	A	T	217109.0	PASS	1/1	18690	coding_transcript_intron_variant	ABCC6:uc002den.4:c.1943+121T>A:p.(=)	ABCC6	.	.	.	.	.	.	0.0	.	.	.	.	.	.	.	.	.	.	0.0	0.0	0.648	0.324	.
16	16278975	GC	G	131213.0	PASS	1/1	12693	coding_transcript_intron_variant	ABCC6:uc002den.4:c.1868-85del:p.(=)	ABCC6	.	.	.	.	.	.	0.0	.	.	.	.	.	.	.	.	.	.	0.0	0.0	0.648	0.324	.
16	16280889	C	T	239800.0	PASS	1/1	21945	coding_transcript_intron_variant	ABCC6:uc002den.4:c.1867+92G>A:p.(=)	ABCC6	.	.	.	.	.	.	0.0	.	.	.	.	.	.	.	.	.	.	0.0	0.0	0.648	0.324	.
16	16280895	A	G	277983.0	PASS	1/1	24564	coding_transcript_intron_variant	ABCC6:uc002den.4:c.1867+86T>C:p.(=)	ABCC6	.	.	.	.	.	.	0.0	.	.	.	.	.	.	.	.	.	.	0.0	0.0	0.648	0.324	.
16	16280921	T	C	1105520.0	PASS	1/1	35742	coding_transcript_intron_variant	ABCC6:uc002den.4:c.1867+60A>G:p.(=)	ABCC6	.	.	.	.	.	.	0.0	.	.	.	.	.	.	.	.	.	.	0.0	0.0	0.648	0.324	.
16	16281154	C	A	218406.0	PASS	1/1	18426	coding_transcript_intron_variant	ABCC6:uc002den.4:c.1780-86G>T:p.(=)	ABCC6	.	.	.	.	.	.	0.0	.	.	.	.	.	.	.	.	.	.	0.0	0.0	0.648	0.324	.
16	16283967	A	C	7335.3	PASS	0/1	30291	coding_transcript_intron_variant	ABCC6:uc002den.4:c.1635+54T>G:p.(=)	ABCC6	.	.	.	.	.	.	0.0	.	.	.	.	.	.	.	.	.	.	0.0	0.0	0.648	0.324	.
16	16284272	C	T	1229630.0	PASS	1/1	38336	coding_transcript_intron_variant	ABCC6:uc002den.4:c.1432-48G>A:p.(=)	ABCC6	.	.	.	.	.	.	0.0	.	.	.	.	.	.	.	.	.	.	0.0	0.0	0.648	0.324	.
16	16291836	T	G	370.1	PASS	0/1	27677	coding_transcript_intron_variant	ABCC6:uc002den.4:c.1338+42A>C:p.(=)	ABCC6	.	.	.	.	.	.	0.0	.	.	.	.	.	.	.	.	.	.	0.0	0.0	0.648	0.324	.
16	16291858	G	C	871993.0	PASS	1/1	40658	coding_transcript_intron_variant	ABCC6:uc002den.4:c.1338+20C>G:p.(=)	ABCC6	.	.	.	.	.	.	0.0	.	.	.	.	.	.	.	.	.	.	0.0	0.0	0.648	0.324	.
16	16291971	C	T	493898.0	PASS	1/1	55050	synonymous_variant	ABCC6:uc002den.4:c.1245G>A:p.(=)	ABCC6	.	.	.	.	.	.	0.0	.	.	.	.	.	.	.	.	.	.	0.0	0.0	0.648	0.324	.
16	16291983	A	G	485034.0	PASS	1/1	52901	synonymous_variant	ABCC6:uc002den.4:c.1233T>C:p.(=)	ABCC6	.	.	.	.	.	.	0.0	.	.	.	.	.	.	.	.	.	.	0.0	0.0	0.648	0.324	.
16	16292128	C	T	87554.9	PASS	1/1	8208	coding_transcript_intron_variant	ABCC6:uc002den.4:c.1177-89G>A:p.(=)	ABCC6	.	.	.	.	.	.	0.0	.	.	.	.	.	.	.	.	.	.	0.0	0.0	0.648	0.324	.
16	16292133	A	G	77292.7	PASS	1/1	7162	coding_transcript_intron_variant	ABCC6:uc002den.4:c.1177-94T>C:p.(=)	ABCC6	.	.	.	.	.	.	0.0	.	.	.	.	.	.	.	.	.	.	0.0	0.0	0.648	0.324	.
16	16306059	C	T	22455.7	PASS	0/1	22311	synonymous_variant	ABCC6:uc002den.4:c.645G>A:p.(=)	ABCC6	.	.	.	.	.	.	0.0	.	.	.	.	.	.	.	.	.	.	0.0	0.0	0.648	0.324	.
16	16306169	AT	A	16547.5	PASS	0/1	22152	coding_transcript_intron_variant	ABCC6:uc002den.4:c.601-67del:p.(=)	ABCC6	.	.	.	.	.	.	0.0	.	.	.	.	.	.	.	.	.	.	0.0	0.0	0.648	0.324	.
16	16313941	C	A	17731.7	PASS	0/1	8697	coding_transcript_intron_variant	ABCC6:uc002den.4:c.220-137G>T:p.(=)	ABCC6	.	.	.	.	.	.	0.0	.	.	.	.	.	.	.	.	.	.	0.0	0.0	0.648	0.324	.
3	186336176	A	G	47404.5	PASS	1/1	3716	coding_transcript_intron_variant	AHSG:uc003fqk.4:c.574-149A>G:p.(=)	AHSG	.	.	.	.	.	.	0.0	.	.	.	.	.	.	.	.	.	.	0.0	0.0	0.0	0.0	CONTRIBUTING_VARIANT
3	186337827	T	C	410630.0	PASS	1/1	29948	coding_transcript_intron_variant	AHSG:uc003fqk.4:c.759+98T>C:p.(=)	AHSG	.	.	.	.	.	.	0.0	.	.	.	.	.	.	.	.	.	.	0.0	0.0	0.0	0.0	.
3	186338233	G	A	82325.2	PASS	1/1	6670	coding_transcript_intron_variant	AHSG:uc003fqk.4:c.760-142G>A:p.(=)	AHSG	.	.	.	.	.	.	0.0	.	.	.	.	.	.	.	.	.	.	0.0	0.0	0.0	0.0	.
5	14709199	T	C	478766.0	PASS	1/1	15894	3_prime_UTR_exon_variant	ANKH:uc003jfm.4:c.*2107A>G:p.(=)	ANKH	.	.	.	.	.	.	0.0	.	.	.	.	.	.	.	.	.	.	0.0	0.0	0.0	0.0	CONTRIBUTING_VARIANT
5	14745814	G	A	11605.1	PASS	0/1	4524	coding_transcript_intron_variant	ANKH:uc003jfm.4:c.915+165C>T:p.(=)	ANKH	.	.	.	.	.	.	0.0	.	.	.	.	.	.	.	.	.	.	0.0	0.0	0.0	0.0	.
5	14749128	C	T	6781.6	PASS	0/1	4064	coding_transcript_intron_variant	ANKH:uc003jfm.4:c.822+153G>A:p.(=)	ANKH	.	.	.	.	.	.	0.0	.	.	.	.	.	.	.	.	.	.	0.0	0.0	0.0	0.0	.
5	14749551	T	C	40200.9	PASS	0/1	6245	coding_transcript_intron_variant	ANKH:uc003jfm.4:c.688-136A>G:p.(=)	ANKH	.	.	.	.	.	.	0.0	.	.	.	.	.	.	.	.	.	.	0.0	0.0	0.0	0.0	.
5	14751055	G	T	21304.6	PASS	0/1	12887	coding_transcript_intron_variant	ANKH:uc003jfm.4:c.687+123C>A:p.(=)	ANKH	.	.	.	.	.	.	0.0	.	.	.	.	.	.	.	.	.	.	0.0	0.0	0.0	0.0	.
5	14751400	T	C	515155.0	PASS	0/1	33415	coding_transcript_intron_variant	ANKH:uc003jfm.4:c.517-52A>G:p.(=)	ANKH	.	.	.	.	.	.	0.0	.	.	.	.	.	.	.	.	.	.	0.0	0.0	0.0	0.0	.
19	47342705	T	C	-10.0	PASS	0/1	47757	coding_transcript_intron_variant	AP2S1:uc002pft.1:c.267+17A>G:p.(=)	AP2S1	.	.	.	.	.	.	0.0	.	.	.	.	.	.	.	.	.	.	0.0	0.0	0.0	0.0	CONTRIBUTING_VARIANT
19	47342929	G	A	41579.5	PASS	0/1	22105	coding_transcript_intron_variant	AP2S1:uc002pft.1:c.154-94C>T:p.(=)	AP2S1	.	.	.	.	.	.	0.0	.	.	.	.	.	.	.	.	.	.	0.0	0.0	0.0	0.0	.
3	121902719	G	GA	53750.3	PASS	0/1	32716	5_prime_UTR_intron_variant	CASR:uc003eev.4:c.-243+60_-243+61insA:p.(=)	CASR	.	.	.	.	.	.	0.0	.	.	.	.	.	.	.	.	.	.	0.0	0.0	0.0	0.0	CONTRIBUTING_VARIANT
3	121903360	C	T	-10.0	PASS	0/1	9648	5_prime_UTR_exon_variant	CASR:uc003eew.4:c.-259C>T:p.(=)	CASR	.	.	.	.	.	.	0.0	.	.	.	.	.	.	.	.	.	.	0.0	0.0	0.0	0.0	.
3	121980186	G	T	2772.2	PASS	0/1	1214	coding_transcript_intron_variant	CASR:uc003eev.4:c.493-189G>T:p.(=)	CASR	.	.	.	.	.	.	0.0	.	.	.	.	.	.	.	.	.	.	0.0	0.0	0.0	0.0	.
3	121980242	T	C	149713.0	PASS	1/1	8364	coding_transcript_intron_variant	CASR:uc003eev.4:c.493-133T>C:p.(=)	CASR	.	.	.	.	.	.	0.0	.	.	.	.	.	.	.	.	.	.	0.0	0.0	0.0	0.0	.
3	121980284	C	T	262930.0	PASS	0/1	25719	coding_transcript_intron_variant	CASR:uc003eev.4:c.493-91C>T:p.(=)	CASR	.	.	.	.	.	.	0.0	.	.	.	.	.	.	.	.	.	.	0.0	0.0	0.0	0.0	.
3	122000726	CAT	C	6961.9	PASS	0/1	1085	coding_transcript_intron_variant	CASR:uc003eev.4:c.1609-233_1609-232del:p.(=)	CASR	.	.	.	.	.	.	0.0	.	.	.	.	.	.	.	.	.	.	0.0	0.0	0.0	0.0	.
3	122001246	C	T	60200.3	PASS	1/1	3526	coding_transcript_intron_variant	CASR:uc003eev.4:c.1732+163C>T:p.(=)	CASR	.	.	.	.	.	.	0.0	.	.	.	.	.	.	.	.	.	.	0.0	0.0	0.0	0.0	.
11	35198007	G	A	23773.1	PASS	0/1	7992	coding_transcript_intron_variant	CD44:uc001mvu.3:c.68-115G>A:p.(=)	CD44	.	.	.	.	.	.	0.0	.	.	.	.	.	.	.	.	.	.	0.0	0.0	0.0	0.0	CONTRIBUTING_VARIANT
11	35198032	A	G	427528.0	PASS	0/1	20343	coding_transcript_intron_variant	CD44:uc001mvu.3:c.68-90A>G:p.(=)	CD44	.	.	.	.	.	.	0.0	.	.	.	.	.	.	.	.	.	.	0.0	0.0	0.0	0.0	.
11	35198489	T	C	.6	PASS	0/1	864	coding_transcript_intron_variant	CD44:uc001mvu.3:c.233+202T>C:p.(=)	CD44	.	.	.	.	.	.	0.0	.	.	.	.	.	.	.	.	.	.	0.0	0.0	0.0	0.0	.
21	37849501	A	G	38562.5	PASS	1/1	1764	5_prime_UTR_intron_variant	CLDN14:uc002yvl.1:c.-82+171T>C:p.(=)	CLDN14	.	.	.	.	.	.	0.0	.	.	.	.	.	.	.	.	.	.	0.0	0.0	0.0	0.0	CONTRIBUTING_VARIANT
1	43200855	G	A	167416.0	PASS	0/1	39031	coding_transcript_intron_variant	CLDN19:uc001cht.1:c.627-50C>T:p.(=)	CLDN19	.	.	.	.	.	.	0.0	.	.	.	.	.	.	.	.	.	.	0.0	0.0	0.0	0.0	CONTRIBUTING_VARIANT
1	43204284	G	T	-10.0	PASS	0/1	18730	coding_transcript_intron_variant	CLDN19:uc001cht.1:c.224-28C>A:p.(=)	CLDN19	.	.	.	.	.	.	0.0	.	.	.	.	.	.	.	.	.	.	0.0	0.0	0.0	0.0	.
20	52773634	T	C	221249.0	PASS	0/1	35350	3_prime_UTR_intron_variant	CYP24A1:uc002xwu.1:c.*10+74A>G:p.(=)	CYP24A1	.	.	.	.	.	.	0.0	.	.	.	.	.	.	.	.	.	.	0.0	0.0	0.0	0.0	CONTRIBUTING_VARIANT
20	52774427	A	G	7634.2	PASS	0/1	1010	coding_transcript_intron_variant	CYP24A1:uc002xwu.1:c.810+198T>C:p.(=)	CYP24A1	.	.	.	.	.	.	0.0	.	.	.	.	.	.	.	.	.	.	0.0	0.0	0.0	0.0	.
20	52774479	C	T	14589.8	PASS	0/1	5753	coding_transcript_intron_variant	CYP24A1:uc002xwu.1:c.810+146G>A:p.(=)	CYP24A1	.	.	.	.	.	.	0.0	.	.	.	.	.	.	.	.	.	.	0.0	0.0	0.0	0.0	.
20	52774883	C	T	2611.3	PASS	0/1	1284	coding_transcript_intron_variant	CYP24A1:uc002xwu.1:c.732-180G>A:p.(=)	CYP24A1	.	.	.	.	.	.	0.0	.	.	.	.	.	.	.	.	.	.	0.0	0.0	0.0	0.0	.
20	52775318	C	T	10652.8	PASS	0/1	2172	coding_transcript_intron_variant	CYP24A1:uc002xwu.1:c.731+178G>A:p.(=)	CYP24A1	.	.	.	.	.	.	0.0	.	.	.	.	.	.	.	.	.	.	0.0	0.0	0.0	0.0	.
20	52775728	A	G	274728.0	PASS	0/1	39044	coding_transcript_intron_variant	CYP24A1:uc002xwu.1:c.565-66T>C:p.(=)	CYP24A1	.	.	.	.	.	.	0.0	.	.	.	.	.	.	.	.	.	.	0.0	0.0	0.0	0.0	.
20	52775774	G	A	107035.0	PASS	0/1	15911	coding_transcript_intron_variant	CYP24A1:uc002xwu.1:c.565-112C>T:p.(=)	CYP24A1	.	.	.	.	.	.	0.0	.	.	.	.	.	.	.	.	.	.	0.0	0.0	0.0	0.0	.
20	52781251	G	C	26930.4	PASS	0/1	6030	coding_transcript_intron_variant	CYP24A1:uc002xwu.1:c.307-149C>G:p.(=)	CYP24A1	.	.	.	.	.	.	0.0	.	.	.	.	.	.	.	.	.	.	0.0	0.0	0.0	0.0	.
20	52781264	T	C	14474.0	PASS	0/1	4016	coding_transcript_intron_variant	CYP24A1:uc002xwu.1:c.307-162A>G:p.(=)	CYP24A1	.	.	.	.	.	.	0.0	.	.	.	.	.	.	.	.	.	.	0.0	0.0	0.0	0.0	.
20	52782438	T	G	154558.0	PASS	0/1	36930	coding_transcript_intron_variant	CYP24A1:uc002xwu.1:c.215-66A>C:p.(=)	CYP24A1	.	.	.	.	.	.	0.0	.	.	.	.	.	.	.	.	.	.	0.0	0.0	0.0	0.0	.
20	52788013	A	G	96674.5	PASS	0/1	20071	coding_transcript_intron_variant	CYP24A1:uc002xwu.1:c.117+103T>C:p.(=)	CYP24A1	.	.	.	.	.	.	0.0	.	.	.	.	.	.	.	.	.	.	0.0	0.0	0.0	0.0	.
19	3121510	G	GC	21021.0	PASS	0/1	9381	upstream_gene_variant	DKFZp434J194:uc010xhe.3::	DKFZp434J194	.	.	.	.	.	.	0.0	.	.	.	.	.	.	.	.	.	.	0.0	0.0	0.0	0.0	CONTRIBUTING_VARIANT
4	88577419	T	C	10787.8	PASS	0/1	979	5_prime_UTR_intron_variant	DMP1:uc003hqv.3:c.-21-205T>C:p.(=)	DMP1	.	.	.	.	.	.	0.0	.	.	.	.	.	.	.	.	.	.	0.0	0.0	0.0	0.0	CONTRIBUTING_VARIANT
4	88578310	A	G	646714.0	PASS	1/1	29110	coding_transcript_intron_variant	DMP1:uc003hqv.3:c.102+79A>G:p.(=)	DMP1	.	.	.	.	.	.	0.0	.	.	.	.	.	.	.	.	.	.	0.0	0.0	0.0	0.0	.
4	88580810	T	C	14151.9	PASS	0/1	2582	coding_transcript_intron_variant	DMP1:uc003hqv.3:c.183+180T>C:p.(=)	DMP1	.	.	.	.	.	.	0.0	.	.	.	.	.	.	.	.	.	.	0.0	0.0	0.0	0.0	.
6	132168996	G	GGGGT	1050560.0	PASS	1/1	22716	coding_transcript_intron_variant	ENPP1:uc011ecf.2:c.313+8_313+9insGGGT:p.(=)	ENPP1	.	.	.	.	.	.	0.0	.	.	.	.	.	.	.	.	.	.	0.0	0.0	0.0	0.0	CONTRIBUTING_VARIANT
6	132199572	C	T	3241.8	PASS	0/1	24823	coding_transcript_intron_variant	ENPP1:uc011ecf.2:c.1894-110C>T:p.(=)	ENPP1	.	.	.	.	.	.	0.0	.	.	.	.	.	.	.	.	.	.	0.0	0.0	0.0	0.0	.
6	132207964	C	CTCT	106796.0	PASS	0/1	14639	coding_transcript_intron_variant	ENPP1:uc011ecf.2:c.2607+100_2607+101insTCT:p.(=)	ENPP1	.	.	.	.	.	.	0.0	.	.	.	.	.	.	.	.	.	.	0.0	0.0	0.0	0.0	.
10	97604941	T	C	9843.5	PASS	0/1	3071	coding_transcript_intron_variant	ENTPD1:uc001kle.1:c.595-173T>C:p.(=)	ENTPD1	.	.	.	.	.	.	0.0	.	.	.	.	.	.	.	.	.	.	0.0	0.0	0.0	0.0	CONTRIBUTING_VARIANT
10	97628998	C	T	3147410.0	PASS	1/1	17002	non_coding_transcript_intron_variant	ENTPD1-AS1:uc001klg.2:n.439+7277G>A:	ENTPD1-AS1	.	.	.	.	.	.	0.0	.	.	.	.	.	.	.	.	.	.	0.0	0.0	0.0	0.0	CONTRIBUTING_VARIANT
11	46741908	C	A	22476.3	PASS	0/1	12041	coding_transcript_intron_variant	F2:uc001ndf.4:c.241-165C>A:p.(=)	F2	.	.	.	.	.	.	0.0	.	.	.	.	.	.	.	.	.	.	0.0	0.0	0.0	0.0	CONTRIBUTING_VARIANT
11	46742489	A	G	30569.1	PASS	0/1	17270	coding_transcript_intron_variant	F2:uc001ndf.4:c.316+99A>G:p.(=)	F2	.	.	.	.	.	.	0.0	.	.	.	.	.	.	.	.	.	.	0.0	0.0	0.0	0.0	.
11	46749648	G	A	112887.0	PASS	0/1	57169	synonymous_variant	F2:uc001ndf.4:c.1233G>A:p.(=)	F2	.	.	.	.	.	.	0.0	.	.	.	.	.	.	.	.	.	.	0.0	0.0	0.0	0.0	.
11	46750064	C	G	5194.1	PASS	0/1	4017	coding_transcript_intron_variant	F2:uc001ndf.4:c.1299-150C>G:p.(=)	F2	.	.	.	.	.	.	0.0	.	.	.	.	.	.	.	.	.	.	0.0	0.0	0.0	0.0	.
11	46760466	G	T	330391.0	PASS	1/1	11111	coding_transcript_intron_variant	F2:uc001ndf.4:c.1655-132G>T:p.(=)	F2	.	.	.	.	.	.	0.0	.	.	.	.	.	.	.	.	.	.	0.0	0.0	0.0	0.0	.
12	4482062	A	T	-10.0	PASS	0/1	891	coding_transcript_intron_variant	FGF23:uc001qmq.1:c.212-199T>A:p.(=)	FGF23	.	.	.	.	.	.	0.0	.	.	.	.	.	.	.	.	.	.	0.0	0.0	0.0	0.0	CONTRIBUTING_VARIANT
9	37424797	G	T	-10.0	PASS	0/1	15404	coding_transcript_intron_variant	GRHPR:uc003zzu.1:c.84-45G>T:p.(=)	GRHPR	.	.	.	.	.	.	0.0	.	.	.	.	.	.	.	.	.	.	0.0	0.0	0.0	0.0	CONTRIBUTING_VARIANT
9	37432264	T	C	295388.0	PASS	1/1	11469	coding_transcript_intron_variant	GRHPR:uc003zzt.1:c.625+129T>C:p.(=)	GRHPR	.	.	.	.	.	.	0.0	.	.	.	.	.	.	.	.	.	.	0.0	0.0	0.0	0.0	.
10	99360792	C	T	152116.0	PASS	0/1	13643	coding_transcript_intron_variant	HOGA1:uc001kny.3:c.701-822C>T:p.(=)	HOGA1	.	.	.	.	.	.	0.0	.	.	.	.	.	.	.	.	.	.	0.0	0.0	0.0	0.0	CONTRIBUTING_VARIANT
10	99371147	A	G	93655.8	PASS	0/1	11397	coding_transcript_intron_variant	HOGA1:uc001kny.3:c.835-120A>G:p.(=)	HOGA1	.	.	.	.	.	.	0.0	.	.	.	.	.	.	.	.	.	.	0.0	0.0	0.0	0.0	.
10	99371344	C	A	371882.0	PASS	0/1	48047	synonymous_variant	HOGA1:uc001kny.3:c.912C>A:p.(=)	HOGA1	.	.	.	.	.	.	0.0	.	.	.	.	.	.	.	.	.	.	0.0	0.0	0.0	0.0	.
4	986444	A	G	-10.0	PASS	0/1	19128	coding_transcript_intron_variant	IDUA:uc003gby.3:c.299+4707A>G:p.(=)	IDUA	.	.	.	.	.	.	0.0	.	.	.	.	.	.	.	.	.	.	0.0	0.0	0.0	0.0	CONTRIBUTING_VARIANT
13	33627829	T	G	992335.0	PASS	1/1	32687	coding_transcript_intron_variant	KL:uc001uus.3:c.820-75T>G:p.(=)	KL	.	.	.	.	.	.	0.0	.	.	.	.	.	.	.	.	.	.	0.0	0.0	0.0	0.0	CONTRIBUTING_VARIANT
13	33637913	C	CA	42275.9	PASS	1/1	32803	coding_transcript_intron_variant	KL:uc001uus.3:c.2702-73_2702-72insA:p.(=)	KL	.	.	.	.	.	.	0.0	.	.	.	.	.	.	.	.	.	.	0.0	0.0	0.0	0.0	.
11	18420876	T	G	50812.9	PASS	0/1	18340	coding_transcript_intron_variant	LDHA:uc001mok.3:c.127-102T>G:p.(=)	LDHA	.	.	.	.	.	.	0.0	.	.	.	.	.	.	.	.	.	.	0.0	0.0	0.0	0.0	CONTRIBUTING_VARIANT
11	18421237	C	T	11928.7	PASS	0/1	4086	coding_transcript_intron_variant	LDHA:uc001mok.3:c.244+142C>T:p.(=)	LDHA	.	.	.	.	.	.	0.0	.	.	.	.	.	.	.	.	.	.	0.0	0.0	0.0	0.0	.
11	18428637	A	ATT	60604.3	PASS	1/1	7480	coding_transcript_intron_variant	LDHA:uc001mok.3:c.835-27_835-26insTT:p.(=)	LDHA	.	.	.	.	.	.	0.0	.	.	.	.	.	.	.	.	.	.	0.0	0.0	0.0	0.0	.
6	86200113	A	C	1406.3	PASS	0/1	11985	coding_transcript_intron_variant	NT5E:uc003pko.4:c.1211-113A>C:p.(=)	NT5E	.	.	.	.	.	.	0.0	.	.	.	.	.	.	.	.	.	.	0.0	0.0	0.0	0.0	CONTRIBUTING_VARIANT
X	128678719	G	A	-10.0	PASS	0/1	773	coding_transcript_intron_variant	OCRL:uc004euq.3:c.120-216G>A:p.(=)	OCRL	.	.	.	.	.	.	0.0	.	.	.	.	.	.	.	.	.	.	0.0	0.0	0.0	0.0	CONTRIBUTING_VARIANT
X	22065499	A	G	91.7	PASS	0/1	1168	coding_transcript_intron_variant	PHEX:uc004dah.3:c.349+170A>G:p.(=)	PHEX	.	.	.	.	.	.	0.0	.	.	.	.	.	.	.	.	.	.	0.0	0.0	0.0	0.0	CONTRIBUTING_VARIANT
X	22244521	C	G	23688.5	PASS	0/1	24439	coding_transcript_intron_variant	PHEX:uc004dah.3:c.1900-39C>G:p.(=)	PHEX	.	.	.	.	.	.	0.0	.	.	.	.	.	.	.	.	.	.	0.0	0.0	0.0	0.0	.
10	99371776	C	T	21815.6	PASS	0/1	37337	coding_transcript_intron_variant	PI4K2A:uc010qoy.1:c.345+10029C>T:p.(=)	PI4K2A	.	.	.	.	.	.	0.0	.	.	.	.	.	.	.	.	.	.	0.0	0.0	0.0	0.0	CONTRIBUTING_VARIANT
10	75672607	C	CA	217585.0	PASS	0/1	27600	coding_transcript_intron_variant	PLAU:uc001jwa.3:c.194-75_194-74insA:p.(=)	PLAU	.	.	.	.	.	.	0.0	.	.	.	.	.	.	.	.	.	.	0.0	0.0	0.0	0.0	CONTRIBUTING_VARIANT
1	156211944	G	T	-10.0	PASS	0/1	19831	coding_transcript_intron_variant	PMF1-BGLAP:uc001fns.2:c.369-400G>T:p.(=)	PMF1-BGLAP	.	.	.	.	.	.	0.0	.	.	.	.	.	.	.	.	.	.	0.0	0.0	0.0	0.0	CONTRIBUTING_VARIANT
6	33167066	T	G	14239.6	PASS	0/1	26355	synonymous_variant	RXRB:uc003odb.4:c.363A>C:p.(=)	RXRB	.	.	.	.	.	.	0.0	.	.	.	.	.	.	.	.	.	.	0.0	0.0	0.0	0.0	CONTRIBUTING_VARIANT
1	165370757	G	A	76683.7	PASS	0/1	5472	coding_transcript_intron_variant	RXRG:uc001gda.3:c.1245-110C>T:p.(=)	RXRG	.	.	.	.	.	.	0.0	.	.	.	.	.	.	.	.	.	.	0.0	0.0	0.0	0.0	CONTRIBUTING_VARIANT
1	165375895	A	C	86171.7	PASS	0/1	4728	coding_transcript_intron_variant	RXRG:uc001gda.3:c.1244+154T>G:p.(=)	RXRG	.	.	.	.	.	.	0.0	.	.	.	.	.	.	.	.	.	.	0.0	0.0	0.0	0.0	.
1	165378731	CACAC	TAT	463117.0	PASS	1/1	30155	coding_transcript_intron_variant	RXRG:uc001gda.3:c.1046+60_1046+64delGTGTGinsATA:p.(=)	RXRG	.	.	.	.	.	.	0.0	.	.	.	.	.	.	.	.	.	.	0.0	0.0	0.0	0.0	.
1	165378992	C	T	173403.0	PASS	0/1	29072	coding_transcript_intron_variant	RXRG:uc001gda.3:c.914-65G>A:p.(=)	RXRG	.	.	.	.	.	.	0.0	.	.	.	.	.	.	.	.	.	.	0.0	0.0	0.0	0.0	.
1	165379740	T	C	-10.0	PASS	0/1	1255	coding_transcript_intron_variant	RXRG:uc001gda.3:c.913+199A>G:p.(=)	RXRG	.	.	.	.	.	.	0.0	.	.	.	.	.	.	.	.	.	.	0.0	0.0	0.0	0.0	.
1	165386158	T	C	146570.0	PASS	0/1	13200	coding_transcript_intron_variant	RXRG:uc001gda.3:c.622+120A>G:p.(=)	RXRG	.	.	.	.	.	.	0.0	.	.	.	.	.	.	.	.	.	.	0.0	0.0	0.0	0.0	.
1	165386567	C	T	243559.0	PASS	0/1	21417	coding_transcript_intron_variant	RXRG:uc001gda.3:c.443-110G>A:p.(=)	RXRG	.	.	.	.	.	.	0.0	.	.	.	.	.	.	.	.	.	.	0.0	0.0	0.0	0.0	.
1	165386650	G	T	48694.7	PASS	1/1	1808	coding_transcript_intron_variant	RXRG:uc001gda.3:c.443-193C>A:p.(=)	RXRG	.	.	.	.	.	.	0.0	.	.	.	.	.	.	.	.	.	.	0.0	0.0	0.0	0.0	.
1	165388948	G	A	39304.5	PASS	0/1	4124	coding_transcript_intron_variant	RXRG:uc001gda.3:c.442+159C>T:p.(=)	RXRG	.	.	.	.	.	.	0.0	.	.	.	.	.	.	.	.	.	.	0.0	0.0	0.0	0.0	.
7	107418805	C	T	2335530.0	PASS	1/1	16310	coding_transcript_intron_variant	SLC26A3:uc003ver.2:c.1408-79G>A:p.(=)	SLC26A3	.	.	.	.	.	.	0.0	.	.	.	.	.	.	.	.	.	.	0.0	0.0	0.0	0.0	CONTRIBUTING_VARIANT
7	107420354	C	T	21991.4	PASS	0/1	3188	coding_transcript_intron_variant	SLC26A3:uc003ver.2:c.1312-146G>A:p.(=)	SLC26A3	.	.	.	.	.	.	0.0	.	.	.	.	.	.	.	.	.	.	0.0	0.0	0.0	0.0	.
7	107420390	C	A	-10.0	PASS	0/1	1009	coding_transcript_intron_variant	SLC26A3:uc003ver.2:c.1312-182G>T:p.(=)	SLC26A3	.	.	.	.	.	.	0.0	.	.	.	.	.	.	.	.	.	.	0.0	0.0	0.0	0.0	.
8	92352887	C	T	818811.0	PASS	1/1	29491	coding_transcript_intron_variant	SLC26A7:uc003yex.3:c.1026+108C>T:p.(=)	SLC26A7	.	.	.	.	.	.	0.0	.	.	.	.	.	.	.	.	.	.	0.0	0.0	0.0	0.0	CONTRIBUTING_VARIANT
8	92355523	T	C	11331.4	PASS	0/1	36062	coding_transcript_intron_variant	SLC26A7:uc003yex.3:c.1027-58T>C:p.(=)	SLC26A7	.	.	.	.	.	.	0.0	.	.	.	.	.	.	.	.	.	.	0.0	0.0	0.0	0.0	.
8	92364959	C	A	-10.0	PASS	0/1	2257	coding_transcript_intron_variant	SLC26A7:uc003yex.3:c.1219-170C>A:p.(=)	SLC26A7	.	.	.	.	.	.	0.0	.	.	.	.	.	.	.	.	.	.	0.0	0.0	0.0	0.0	.
5	176811624	T	G	214632.0	PASS	1/1	8806	5_prime_UTR_intron_variant	SLC34A1:uc003mgk.4:c.-48+136T>G:p.(=)	SLC34A1	.	.	.	.	.	.	0.0	.	.	.	.	.	.	.	.	.	.	0.0	0.0	0.0	0.0	CONTRIBUTING_VARIANT
5	176813404	C	T	617436.0	PASS	0/1	58872	coding_transcript_intron_variant	SLC34A1:uc003mgk.4:c.389-20C>T:p.(=)	SLC34A1	.	.	.	.	.	.	0.0	.	.	.	.	.	.	.	.	.	.	0.0	0.0	0.0	0.0	.
5	176817636	A	G	205312.0	PASS	0/1	19394	coding_transcript_intron_variant	SLC34A1:uc003mgk.4:c.936+2263A>G:p.(=)	SLC34A1	.	.	.	.	.	.	0.0	.	.	.	.	.	.	.	.	.	.	0.0	0.0	0.0	0.0	.
5	176821375	C	T	15967.2	PASS	0/1	1951	coding_transcript_intron_variant	SLC34A1:uc003mgk.4:c.1174+179C>T:p.(=)	SLC34A1	.	.	.	.	.	.	0.0	.	.	.	.	.	.	.	.	.	.	0.0	0.0	0.0	0.0	.
5	176824137	C	G	126146.0	PASS	0/1	11030	coding_transcript_intron_variant	SLC34A1:uc003mgk.4:c.1416+62C>G:p.(=)	SLC34A1	.	.	.	.	.	.	0.0	.	.	.	.	.	.	.	.	.	.	0.0	0.0	0.0	0.0	.
4	88897106	C	CTG	34505.9	PASS	1/1	5384	5_prime_UTR_intron_variant	SPP1:uc003hra.3:c.-15+154_-15+155insTG:p.(=)	SPP1	.	.	.	.	.	.	0.0	.	.	.	.	.	.	.	.	.	.	0.0	0.0	0.0	0.0	CONTRIBUTING_VARIANT
4	88897880	A	G	9712.7	PASS	0/1	5715	5_prime_UTR_intron_variant	SPP1:uc003hra.3:c.-14-154A>G:p.(=)	SPP1	.	.	.	.	.	.	0.0	.	.	.	.	.	.	.	.	.	.	0.0	0.0	0.0	0.0	.
4	88903483	C	T	1937.4	PASS	0/1	3122	coding_transcript_intron_variant	SPP1:uc003hra.3:c.541-161C>T:p.(=)	SPP1	.	.	.	.	.	.	0.0	.	.	.	.	.	.	.	.	.	.	0.0	0.0	0.0	0.0	.
7	142606572	C	T	18775.3	PASS	0/1	24650	coding_transcript_intron_variant	TRPV5:uc003wby.1:c.1895+84G>A:p.(=)	TRPV5	.	.	.	.	.	.	0.0	.	.	.	.	.	.	.	.	.	.	0.0	0.0	0.0	0.0	CONTRIBUTING_VARIANT
7	142612289	A	G	57192.8	PASS	0/1	21046	coding_transcript_intron_variant	TRPV5:uc003wby.1:c.1287-73T>C:p.(=)	TRPV5	.	.	.	.	.	.	0.0	.	.	.	.	.	.	.	.	.	.	0.0	0.0	0.0	0.0	.
7	142612298	C	T	14802.9	PASS	0/1	18519	coding_transcript_intron_variant	TRPV5:uc003wby.1:c.1287-82G>A:p.(=)	TRPV5	.	.	.	.	.	.	0.0	.	.	.	.	.	.	.	.	.	.	0.0	0.0	0.0	0.0	.
7	142625070	A	C	48334.5	PASS	0/1	17347	coding_transcript_intron_variant	TRPV5:uc003wby.1:c.909+113T>G:p.(=)	TRPV5	.	.	.	.	.	.	0.0	.	.	.	.	.	.	.	.	.	.	0.0	0.0	0.0	0.0	.
7	142625417	A	C	181259.0	PASS	0/1	27826	coding_transcript_intron_variant	TRPV5:uc003wby.1:c.763-88T>G:p.(=)	TRPV5	.	.	.	.	.	.	0.0	.	.	.	.	.	.	.	.	.	.	0.0	0.0	0.0	0.0	.
7	142626773	A	C	81921.4	PASS	0/1	13014	coding_transcript_intron_variant	TRPV5:uc003wby.1:c.350-113T>G:p.(=)	TRPV5	.	.	.	.	.	.	0.0	.	.	.	.	.	.	.	.	.	.	0.0	0.0	0.0	0.0	.
7	142570217	C	T	35443.4	PASS	0/1	45495	synonymous_variant	TRPV6:uc003wbw.1:c.1161G>A:p.(=)	TRPV6	.	.	.	.	.	.	0.0	.	.	.	.	.	.	.	.	.	.	0.0	0.0	0.0	0.0	CONTRIBUTING_VARIANT
7	142571044	C	T	-10.0	PASS	0/1	1182	coding_transcript_intron_variant	TRPV6:uc003wbw.1:c.1146+157G>A:p.(=)	TRPV6	.	.	.	.	.	.	0.0	.	.	.	.	.	.	.	.	.	.	0.0	0.0	0.0	0.0	.
7	142573741	A	G	31758.1	PASS	0/1	39050	coding_transcript_intron_variant	TRPV6:uc003wbw.1:c.121-84T>C:p.(=)	TRPV6	.	.	.	.	.	.	0.0	.	.	.	.	.	.	.	.	.	.	0.0	0.0	0.0	0.0	.
7	142583330	A	C	1078520.0	PASS	1/1	36515	5_prime_UTR_exon_variant	TRPV6:uc003wbx.2:c.-69T>G:p.(=)	TRPV6	.	.	.	.	.	.	0.0	.	.	.	.	.	.	.	.	.	.	0.0	0.0	0.0	0.0	.
16	20352756	A	G	434929.0	PASS	0/1	27874	coding_transcript_intron_variant	UMOD:uc002dgz.3:c.1332-98T>C:p.(=)	UMOD	.	.	.	.	.	.	0.0	.	.	.	.	.	.	.	.	.	.	0.0	0.0	0.0	0.0	CONTRIBUTING_VARIANT
16	20355651	G	A	27601.7	PASS	0/1	2180	coding_transcript_intron_variant	UMOD:uc002dgz.3:c.1183-157C>T:p.(=)	UMOD	.	.	.	.	.	.	0.0	.	.	.	.	.	.	.	.	.	.	0.0	0.0	0.0	0.0	.
